Episode,Episode reward,Running reward,Total actions,Exploration actions,Exploitation actions,Greed rate
1,-80,-80.0,43,43,0,1.0
2,-125,-102.5,94,51,0,1.0
3,-425,-210.0,301,207,0,1.0
4,-320,-237.5,422,121,0,1.0
5,-120,-214.0,460,38,0,1.0
6,-305,-229.16666666666666,557,97,0,1.0
7,-490,-266.42857142857144,759,202,0,1.0
8,-95,-245.0,813,54,0,1.0
9,-345,-256.1111111111111,933,120,0,1.0
10,-205,-251.0,1033,100,0,1.0
11,-565,-279.54545454545456,1240,207,0,1.0
12,-185,-271.6666666666667,1304,64,0,1.0
13,-260,-270.7692307692308,1422,118,0,1.0
14,-100,-258.57142857142856,1479,57,0,1.0
15,-640,-284.0,1668,189,0,1.0
16,-60,-270.0,1711,43,0,1.0
17,-185,-265.0,1788,77,0,1.0
18,-470,-276.3888888888889,2000,212,0,1.0
19,-355,-280.5263157894737,2196,196,0,1.0
20,-115,-272.25,2264,68,0,1.0
21,-340,-275.4761904761905,2382,118,0,1.0
22,-95,-267.27272727272725,2420,38,0,1.0
23,-205,-264.5652173913044,2495,75,0,1.0
24,-255,-264.1666666666667,2573,78,0,1.0
25,-110,-258.0,2648,75,0,1.0
26,-280,-258.84615384615387,2738,90,0,1.0
27,-340,-261.85185185185185,2843,105,0,1.0
28,-125,-256.9642857142857,2907,64,0,1.0
29,-225,-255.86206896551724,3038,131,0,1.0
30,-165,-252.83333333333334,3091,53,0,1.0
31,-325,-255.16129032258064,3224,133,0,1.0
32,-315,-257.03125,3350,126,0,1.0
33,-380,-260.75757575757575,3505,155,0,1.0
34,-165,-257.94117647058823,3561,56,0,1.0
35,-120,-254.0,3608,47,0,1.0
36,-110,-250.0,3646,38,0,1.0
37,-210,-248.9189189189189,3744,98,0,1.0
38,-130,-245.78947368421052,3790,46,0,1.0
39,-200,-244.6153846153846,3859,69,0,1.0
40,-430,-249.25,4003,144,0,1.0
41,-150,-246.82926829268294,4067,64,0,1.0
42,-145,-244.4047619047619,4126,59,0,1.0
43,-395,-247.90697674418604,4261,135,0,1.0
44,-340,-250.0,4404,143,0,1.0
45,-110,-246.88888888888889,4441,37,0,1.0
46,-180,-245.43478260869566,4506,65,0,1.0
47,-140,-243.19148936170214,4557,51,0,1.0
48,-210,-242.5,4637,80,0,1.0
49,-565,-249.08163265306123,4845,208,0,1.0
50,-385,-251.8,4981,136,0,1.0
51,-245,-251.66666666666666,5073,92,0,1.0
52,-185,-250.3846153846154,5158,85,0,1.0
53,-515,-255.37735849056602,5354,196,0,1.0
54,-160,-253.61111111111111,5427,73,0,1.0
55,-265,-253.8181818181818,5587,160,0,1.0
56,-135,-251.69642857142858,5633,46,0,1.0
57,-310,-252.71929824561403,5754,121,0,1.0
58,-115,-250.3448275862069,5804,50,0,1.0
59,-135,-248.38983050847457,5850,46,0,1.0
60,-545,-253.33333333333334,6069,219,0,1.0
61,-145,-251.55737704918033,6151,82,0,1.0
62,-105,-249.19354838709677,6203,52,0,1.0
63,-435,-252.14285714285714,6386,183,0,1.0
64,-420,-254.765625,6562,176,0,1.0
65,-85,-252.15384615384616,6606,44,0,1.0
66,-90,-249.6969696969697,6656,50,0,1.0
67,-370,-251.49253731343285,6758,102,0,1.0
68,-150,-250.0,6816,58,0,1.0
69,-150,-248.55072463768116,6875,59,0,1.0
70,-165,-247.35714285714286,6940,65,0,1.0
71,-560,-251.7605633802817,7125,185,0,1.0
72,-320,-252.70833333333334,7287,162,0,1.0
73,-435,-255.2054794520548,7459,172,0,1.0
74,-520,-258.7837837837838,7681,222,0,1.0
75,-165,-257.53333333333336,7739,58,0,1.0
76,-605,-262.10526315789474,7962,223,0,1.0
77,-305,-262.6623376623377,8063,101,0,1.0
78,-170,-261.47435897435895,8133,70,0,1.0
79,-190,-260.56962025316454,8191,58,0,1.0
80,-90,-258.4375,8231,40,0,1.0
81,-125,-256.7901234567901,8276,45,0,1.0
82,-465,-259.3292682926829,8430,154,0,1.0
83,-465,-261.8072289156627,8634,204,0,1.0
84,-110,-260.0,8686,52,0,1.0
85,-185,-259.11764705882354,8768,82,0,1.0
86,-385,-260.5813953488372,8889,121,0,1.0
87,-605,-264.5402298850575,9112,223,0,1.0
88,-265,-264.54545454545456,9204,92,0,1.0
89,-300,-264.9438202247191,9295,91,0,1.0
90,-125,-263.3888888888889,9346,51,0,1.0
91,-85,-261.42857142857144,9396,50,0,1.0
92,-415,-263.0978260869565,9525,129,0,1.0
93,-605,-266.7741935483871,9737,212,0,1.0
94,-370,-267.8723404255319,9873,136,0,1.0
95,-305,-268.2631578947368,9998,125,0,1.0
96,500,-260.2604166666667,10199,90,111,0.4446035973776009
97,615,-251.23711340206185,10516,137,180,0.441174734293059
98,365,-244.94897959183675,10682,79,87,0.4377799889662596
99,435,-238.08080808080808,10874,88,104,0.43441902191984116
100,6920,-166.5,13150,0,2276,0.43441902191984116
101,440,-160.4950495049505,13384,111,123,0.427797081614371
102,560,-153.4313725490196,13707,146,177,0.42453544615577044
103,590,-146.2135922330097,14018,130,181,0.42130626451223263
104,465,-140.33653846153845,14319,123,178,0.4181092137629021
105,885,-130.57142857142858,14671,137,215,0.4149439742000398
106,800,-121.79245283018868,14958,112,175,0.4118102292970517
107,780,-113.3644859813084,15247,109,180,0.40870766567683603
108,705,-105.78703703703704,15546,127,172,0.4056359730804452
109,550,-99.77064220183486,15849,128,175,0.4025948443360601
110,730,-92.22727272727273,16141,104,188,0.3995839753282716
111,570,-86.26126126126127,16388,95,152,0.39660306496767017
112,660,-79.59821428571429,16660,100,172,0.39365181516073555
113,700,-72.69911504424779,16969,121,188,0.3907299307800276
114,670,-66.1842105263158,17262,111,182,0.3878371196346735
115,695,-59.56521739130435,17570,106,202,0.38497309244114786
116,785,-52.28448275862069,17849,100,179,0.38213756279434485
117,550,-47.136752136752136,18127,108,170,0.3793302471389366
118,570,-41.90677966101695,18407,106,174,0.3765508647410182
119,800,-34.831932773109244,18672,80,185,0.3737991376600337
120,925,-26.833333333333332,18952,98,182,0.37107479072098193
121,955,-18.71900826446281,19214,87,175,0.36837755148689866
122,785,-12.131147540983607,19479,87,178,0.3657071502316128
123,435,-8.495934959349594,19677,77,121,0.3630633199127735
124,820,-1.814516129032258,19934,81,176,0.3604457961451456
125,515,2.32,20130,76,120,0.35785431717417104
126,890,9.365079365079366,20403,84,189,0.3552886238497933
127,930,16.614173228346456,20673,88,182,0.3527484596005418
128,765,22.4609375,20977,104,200,0.35023357040787473
129,645,27.286821705426355,21258,100,181,0.3477437047807771
130,730,32.69230769230769,21541,98,185,0.3452786137306113
131,615,37.13740458015267,21843,116,186,0.34283805074621815
132,830,43.14393939393939,22115,79,193,0.3404217717692653
133,650,47.70676691729323,22400,103,182,0.3380295351698416
134,755,52.985074626865675,22701,109,192,0.3356611017222934
135,915,59.370370370370374,22995,92,202,0.33331623458130233
136,785,64.70588235294117,23255,74,186,0.3309946992582003
137,790,70.0,23536,95,186,0.32869626359752024
138,835,75.54347826086956,23815,85,194,0.3264206977537808
139,785,80.64748201438849,24072,73,184,0.32416777416850134
140,850,86.14285714285714,24333,65,196,0.3219372675474458
141,650,90.1418439716312,24603,93,177,0.3197289548380934
142,875,95.66901408450704,24863,78,182,0.31754261520733285
143,540,98.77622377622377,25131,86,182,0.31537803001937914
144,1020,105.17361111111111,25394,85,178,0.3132349828139096
145,620,108.72413793103448,25684,94,196,0.3111132592844179
146,500,111.4041095890411,25966,91,191,0.30901264725678296
147,1015,117.55102040816327,26224,65,193,0.30693293666805144
148,745,121.79054054054055,26493,76,193,0.30487391954543147
149,1060,128.08724832214764,26751,61,197,0.30283538998549486
150,815,132.66666666666666,27014,73,190,0.30081714413358684
151,825,137.25165562913907,27278,77,187,0.2988189801634404
152,815,141.71052631578948,27557,98,181,0.2968406982569933
153,1025,147.48366013071896,27823,72,194,0.29488210058440634
154,815,151.8181818181818,28082,70,189,0.29294299128428014
155,645,155.0,28371,91,198,0.2910231764440687
156,800,159.1346153846154,28659,80,208,0.28912246408068826
157,870,163.6624203821656,28931,77,195,0.28724066412131843
158,760,167.4367088607595,29186,73,182,0.2853775883843951
159,785,171.32075471698113,29455,93,176,0.2835330505607921
160,795,175.21875,29728,86,187,0.28170686619518986
161,945,180.0,29998,79,191,0.27989885266763004
162,870,184.25925925925927,30276,80,198,0.2781088291752532
163,725,187.57668711656441,30534,72,186,0.2763366167142184
164,815,191.40243902439025,30816,90,192,0.2745820380618027
165,920,195.8181818181818,31051,56,179,0.2728449177586787
166,645,198.52409638554218,31311,73,187,0.27112508209136843
167,875,202.5748502994012,31593,81,201,0.2694223590748721
168,940,206.96428571428572,31849,69,187,0.267736578435469
169,895,211.03550295857988,32094,70,175,0.2660675715936903
170,955,215.41176470588235,32358,71,193,0.2644151716474612
171,880,219.2982456140351,32633,81,194,0.2627792133554099
172,800,222.67441860465115,32886,61,192,0.2611595331203439
173,830,226.1849710982659,33138,66,186,0.25955596897289
174,620,228.44827586206895,33426,90,198,0.25796836055529715
175,860,232.05714285714285,33727,78,223,0.25639654910540066
176,900,235.85227272727272,33989,68,194,0.2548403774407455
177,740,238.70056497175142,34250,80,181,0.2532996899428685
178,1035,243.17415730337078,34514,53,211,0.251774332541736
179,855,246.59217877094972,34776,71,191,0.25026415270033664
180,885,250.13888888888889,35034,65,193,0.2487689993994279
181,960,254.060773480663,35334,81,219,0.24728872312243366
182,940,257.8296703296703,35600,68,198,0.24582317584049268
183,935,261.53005464480873,35852,64,188,0.24437221099765546
184,965,265.3532608695652,36094,54,188,0.24293568349622863
185,1015,269.4054054054054,36354,53,207,0.24151344968226485
186,780,272.1505376344086,36611,72,185,0.24010536733119758
187,1130,276.7379679144385,36871,53,207,0.23871129563361826
188,825,279.65425531914894,37122,56,195,0.2373310951811955
189,875,282.8042328042328,37364,54,188,0.23596462795273376
190,945,286.2894736842105,37620,55,201,0.23461175730037154
191,965,289.84293193717275,37873,56,197,0.2332723479359162
192,1120,294.1666666666667,38128,45,210,0.23194626591731515
193,985,297.7461139896373,38369,55,186,0.23063337863526137
194,995,301.340206185567,38624,64,191,0.22933355479993264
195,925,304.53846153846155,38883,63,196,0.22804666442786223
196,925,307.7040816326531,39135,54,198,0.2267725788289405
197,995,311.1928934010152,39378,48,195,0.22551117059354586
198,860,313.9646464646465,39628,51,199,0.22426231357980353
199,1010,317.46231155778895,39887,53,206,0.22302588290097147
200,4820,339.975,41262,0,1375,0.22302588290097147
201,995,343.23383084577114,41524,58,204,0.22058980720192445
202,975,346.36138613861385,41762,50,188,0.21938991857210954
203,970,349.4334975369458,42029,53,214,0.21820196903364375
204,910,352.1813725490196,42284,58,197,0.21702583979058332
205,960,355.1463414634146,42534,53,197,0.2158614132290238
206,790,357.25728155339806,42781,55,192,0.21470857290533868
207,980,360.2657004830918,43030,62,187,0.2135672035345349
208,1035,363.50961538461536,43280,46,204,0.21243719097872418
209,810,365.64593301435406,43528,56,192,0.21131842223570935
210,975,368.54761904761904,43771,49,194,0.21021078542768373
211,870,370.92417061611377,44035,64,200,0.20911416979004352
212,1030,374.0330188679245,44276,42,199,0.20802846566031108
213,880,376.40845070422534,44512,46,190,0.2069535644671687
214,1040,379.5093457943925,44762,44,206,0.2058893587196013
215,970,382.25581395348837,45010,49,199,0.2048357419961473
216,1080,385.4861111111111,45268,47,211,0.20379260893425627
217,960,388.1336405529954,45505,52,185,0.20275985521975287
218,1055,391.1926605504587,45747,44,198,0.20173737757640486
219,955,393.7671232876712,45982,39,196,0.200725073755596
220,995,396.5,46227,41,204,0.1997228425261005
221,980,399.14027149321265,46483,58,198,0.1987305836639603
222,845,401.14864864864865,46734,47,204,0.19774819794246218
223,770,402.80269058295966,46983,61,188,0.19677558712221546
224,875,404.9107142857143,47235,54,198,0.19581265394132752
225,1020,407.64444444444445,47476,44,197,0.19485930210567792
226,960,410.08849557522126,47754,56,222,0.1939154362792885
227,890,412.2026431718062,47999,47,198,0.19298096207479018
228,940,414.5175438596491,48251,57,195,0.1920557860439837
229,1610,419.73799126637556,48696,76,369,0.19113981566849508
230,1105,422.7173913043478,48981,61,224,0.19023295935052334
231,2685,432.5108225108225,49915,152,782,0.1893351264036811
232,1070,435.2586206896552,50158,47,196,0.18844622704392539
233,1065,437.9613733905579,50404,38,208,0.1875661723805795
234,1030,440.491452991453,50662,52,206,0.18669487440744376
235,990,442.82978723404256,50890,36,192,0.18583224599399467
236,955,445.0,51130,36,204,0.1849782008766721
237,1085,447.70042194092827,51369,49,190,0.1841326536502526
238,950,449.8109243697479,51601,44,188,0.18329551975930897
239,985,452.0502092050209,51839,52,186,0.18246671548975435
240,1075,454.6458333333333,52083,37,207,0.1816461579604713
241,1035,457.0539419087137,52314,35,196,0.18083376511502286
242,1060,459.54545454545456,52564,44,206,0.18002945571344772
243,850,461.1522633744856,52823,44,215,0.1792331493241353
244,970,463.23770491803276,53070,44,203,0.17844476631578318
245,1175,466.14285714285717,53305,39,196,0.17766422784943345
246,930,468.0284552845528,53552,48,199,0.17689145587058913
247,970,470.0607287449393,53794,50,192,0.17612637310140822
248,1120,472.68145161290323,54018,30,194,0.17536890303297636
249,1030,474.91967871485946,54248,30,200,0.1746189699176554
250,1000,477.02,54512,51,213,0.17387649876150893
251,995,479.0836653386454,54748,46,190,0.1731414153168025
252,1105,481.5674603174603,54981,34,199,0.1724136460745792
253,1085,483.9525691699605,55253,51,221,0.1716931182573082
254,1065,486.24015748031496,55545,51,241,0.17097975981160746
255,965,488.11764705882354,55804,46,213,0.1702734994010378
256,985,490.05859375,56045,47,194,0.16957426639896978
257,940,491.8093385214008,56291,36,210,0.16888199088152037
258,1030,493.8953488372093,56549,39,219,0.16819660362056094
259,1145,496.4092664092664,56817,37,231,0.16751803607679427
260,1020,498.4230769230769,57061,39,205,0.16684622039290048
261,1030,500.4597701149425,57306,36,209,0.1661810893867514
